499
525
854
980
1202
1983
1990
2149
2603
2860
3334
3489
5285
5835
6208
6217
6363
6557
6963
8120
8138
8430
8436
8533
8810
8812
10689
10721
10724
11017
11222
11667
12715
12723
13798
14010
14984
14992
15260
15370
15559
17165
17680
18188
18519
19092
19311
19848
20041
20167
20839
21051
21905
22516
22578
22692
22737
23155
23213
23281
23484
23596
23848
23882
24210
24683
24763
24868
25008
25246
25621
25633
26189
26308
26374
26686
26778
27287
27926
28137
29387
29844
29845
30692
30922
31489
31763
33202
33424
33605
34458
34855
35610
35685
35754
35820
36107
36487
36652
37068
37101
37383
38220
38570
38655
38937
39126
39617
39834
40136
40799
40862
41307
42582
43164
43243
43347
43698
44087
44226
44404
45738
46884
46931
47010
47071
47301
47948
48049
48388
49652
49663
49808
49917
50152
50296
51036
51096
51239
51551
52007
52124
52239
52450
53013
54247
54280
54651
54692
55026
55378
55492
55939
56314
56491
56794
57705
58651
58703
58787
58896
59693
60166
60766
60808
61180
61456
62450
63441
63728
64031
64842
65149
66315
66831
66984
67694
67852
67925
68327
68641
69078
70305
70711
70965
71168
71584
71929
72311
72777
73183
73959
74303
74896
76083
76152
76682
76911
76914
76961
77400
77544
77944
78970
79750
80263
80297
80631
80752
81314
81568
81880
82004
82631
83173
83385
83479
83782
83994
85061
87574
87907
87983
88267
88718
88771
89238
89461
90900
90909
91376
91829
91945
92178
92347
92720
93945
93985
95100
97339
97765
97982
98078
98173
98497
98566
98641
98784
99349
99479
99564
99633
99745
100016
101175
101504
101726
101955
102202
102982
103185
103193
103317
103966
105669
106782
107367
107864
108765
108767
109349
109724
110336
111189
111192
111201
111295
111447
111461
111936
112080
113254
113371
113764
113846
114637
114685
114856
115640
116142
116411
116507
116661
118302
118316
118342
118390
118391
118393
118623
119698
121342
122654
123181
124001
124268
124689
124836
124851
125645
125807
125850
